Random number seed:  2997058579942705932
# Trajectories at each energy & theta:  10000
Beam landing energies (eV):  [1.0, 5.0, 10.0, 20.0, 35.0, 50.0, 75.0, 100.0, 125.0, 150.0, 175.0, 200.0, 250.0, 300.0, 350.0, 400.0, 500.0, 800.0, 1000.0, 1500.0, 2000.0, 3500.0, 5000.0, 8000.0, 10000.0, 15000.0, 20000.0, 29975.0]
Sample angles (deg):  [0.0, 10.0, 20.0, 30.0, 40.0, 50.0, 60.0, 70.0, 80.0, 82.0, 85.0, 86.0, 87.0, 88.0, 89.0]
Beam size (standard deviation, in nm):  0.5

beamE (eV)	theta (deg)	BSE yield	SE yield	time (h)
     1.0 	     0.0 	0.000 	0.025  	0.003
     5.0 	     0.0 	0.000 	0.063  	0.006
    10.0 	     0.0 	0.000 	0.097  	0.011
    20.0 	     0.0 	0.000 	0.176  	0.018
    35.0 	     0.0 	0.000 	0.306  	0.028
    50.0 	     0.0 	0.000 	0.422  	0.042
    75.0 	     0.0 	0.049 	0.535  	0.062
   100.0 	     0.0 	0.128 	0.604  	0.086
   125.0 	     0.0 	0.164 	0.658  	0.117
   150.0 	     0.0 	0.188 	0.694  	0.152
   175.0 	     0.0 	0.202 	0.717  	0.191
   200.0 	     0.0 	0.213 	0.734  	0.235
   250.0 	     0.0 	0.226 	0.727  	0.286
   300.0 	     0.0 	0.237 	0.713  	0.345
   350.0 	     0.0 	0.245 	0.697  	0.416
   400.0 	     0.0 	0.248 	0.663  	0.496
   500.0 	     0.0 	0.253 	0.617  	0.591
   800.0 	     0.0 	0.255 	0.477  	0.742
  1000.0 	     0.0 	0.253 	0.414  	0.925
  1500.0 	     0.0 	0.242 	0.306  	0.939
  2000.0 	     0.0 	0.235 	0.231  	0.958
  3500.0 	     0.0 	0.215 	0.155  	0.989
  5000.0 	     0.0 	0.206 	0.102  	1.032
  8000.0 	     0.0 	0.190 	0.067  	1.097
 10000.0 	     0.0 	0.181 	0.052  	1.180
 15000.0 	     0.0 	0.182 	0.040  	1.304
 20000.0 	     0.0 	0.175 	0.026  	1.465
 29975.0 	     0.0 	0.165 	0.019  	1.715
     1.0 	    10.0 	0.000 	0.024  	1.715
     5.0 	    10.0 	-0.000 	0.065  	1.715
    10.0 	    10.0 	0.000 	0.094  	1.716
    20.0 	    10.0 	0.000 	0.176  	1.716
    35.0 	    10.0 	0.000 	0.311  	1.717
    50.0 	    10.0 	0.000 	0.419  	1.717
    75.0 	    10.0 	0.048 	0.531  	1.719
   100.0 	    10.0 	0.128 	0.619  	1.720
   125.0 	    10.0 	0.160 	0.674  	1.721
   150.0 	    10.0 	0.189 	0.697  	1.723
   175.0 	    10.0 	0.203 	0.728  	1.725
   200.0 	    10.0 	0.211 	0.730  	1.727
   250.0 	    10.0 	0.226 	0.748  	1.730
   300.0 	    10.0 	0.247 	0.692  	1.733
   350.0 	    10.0 	0.252 	0.704  	1.737
   400.0 	    10.0 	0.246 	0.668  	1.741
   500.0 	    10.0 	0.261 	0.609  	1.746
   800.0 	    10.0 	0.263 	0.498  	1.753
  1000.0 	    10.0 	0.259 	0.424  	1.763
  1500.0 	    10.0 	0.250 	0.312  	1.776
  2000.0 	    10.0 	0.242 	0.229  	1.794
  3500.0 	    10.0 	0.219 	0.143  	1.824
  5000.0 	    10.0 	0.203 	0.104  	1.866
  8000.0 	    10.0 	0.184 	0.066  	1.931
 10000.0 	    10.0 	0.186 	0.058  	2.014
 15000.0 	    10.0 	0.184 	0.040  	2.137
 20000.0 	    10.0 	0.182 	0.027  	2.300
 29975.0 	    10.0 	0.170 	0.018  	2.544
     1.0 	    20.0 	0.000 	0.027  	2.544
     5.0 	    20.0 	0.000 	0.065  	2.544
    10.0 	    20.0 	-0.000 	0.095  	2.544
    20.0 	    20.0 	0.000 	0.180  	2.545
    35.0 	    20.0 	0.000 	0.318  	2.545
    50.0 	    20.0 	0.000 	0.422  	2.546
    75.0 	    20.0 	0.049 	0.541  	2.547
   100.0 	    20.0 	0.131 	0.630  	2.549
   125.0 	    20.0 	0.163 	0.671  	2.550
   150.0 	    20.0 	0.198 	0.713  	2.552
   175.0 	    20.0 	0.204 	0.748  	2.554
   200.0 	    20.0 	0.219 	0.753  	2.556
   250.0 	    20.0 	0.236 	0.748  	2.559
   300.0 	    20.0 	0.243 	0.734  	2.562
   350.0 	    20.0 	0.254 	0.728  	2.565
   400.0 	    20.0 	0.246 	0.704  	2.569
   500.0 	    20.0 	0.267 	0.637  	2.574
   800.0 	    20.0 	0.265 	0.516  	2.582
  1000.0 	    20.0 	0.264 	0.448  	2.591
  1500.0 	    20.0 	0.264 	0.320  	2.605
  2000.0 	    20.0 	0.253 	0.255  	2.623
  3500.0 	    20.0 	0.231 	0.145  	2.653
  5000.0 	    20.0 	0.225 	0.107  	2.694
  8000.0 	    20.0 	0.215 	0.071  	2.760
 10000.0 	    20.0 	0.205 	0.060  	2.842
 15000.0 	    20.0 	0.202 	0.044  	2.963
 20000.0 	    20.0 	0.202 	0.029  	3.125
 29975.0 	    20.0 	0.193 	0.023  	3.361
     1.0 	    30.0 	-0.000 	0.029  	3.362
     5.0 	    30.0 	0.000 	0.064  	3.362
    10.0 	    30.0 	0.000 	0.101  	3.362
    20.0 	    30.0 	-0.000 	0.179  	3.363
    35.0 	    30.0 	0.000 	0.317  	3.363
    50.0 	    30.0 	0.000 	0.448  	3.364
    75.0 	    30.0 	0.050 	0.561  	3.365
   100.0 	    30.0 	0.130 	0.627  	3.366
   125.0 	    30.0 	0.165 	0.702  	3.368
   150.0 	    30.0 	0.196 	0.743  	3.370
   175.0 	    30.0 	0.212 	0.780  	3.372
   200.0 	    30.0 	0.226 	0.794  	3.374
   250.0 	    30.0 	0.247 	0.793  	3.377
   300.0 	    30.0 	0.250 	0.790  	3.380
   350.0 	    30.0 	0.257 	0.761  	3.383
   400.0 	    30.0 	0.279 	0.738  	3.387
   500.0 	    30.0 	0.283 	0.697  	3.392
   800.0 	    30.0 	0.292 	0.546  	3.399
  1000.0 	    30.0 	0.291 	0.461  	3.408
  1500.0 	    30.0 	0.293 	0.360  	3.421
  2000.0 	    30.0 	0.273 	0.266  	3.439
  3500.0 	    30.0 	0.257 	0.157  	3.468
  5000.0 	    30.0 	0.242 	0.119  	3.510
  8000.0 	    30.0 	0.240 	0.074  	3.575
 10000.0 	    30.0 	0.240 	0.068  	3.654
 15000.0 	    30.0 	0.225 	0.045  	3.773
 20000.0 	    30.0 	0.230 	0.032  	3.929
 29975.0 	    30.0 	0.219 	0.026  	4.162
     1.0 	    40.0 	0.000 	0.025  	4.162
     5.0 	    40.0 	0.000 	0.061  	4.163
    10.0 	    40.0 	0.000 	0.105  	4.163
    20.0 	    40.0 	0.000 	0.183  	4.163
    35.0 	    40.0 	0.000 	0.326  	4.164
    50.0 	    40.0 	0.000 	0.456  	4.165
    75.0 	    40.0 	0.059 	0.580  	4.166
   100.0 	    40.0 	0.133 	0.662  	4.167
   125.0 	    40.0 	0.175 	0.722  	4.169
   150.0 	    40.0 	0.196 	0.780  	4.171
   175.0 	    40.0 	0.218 	0.825  	4.173
   200.0 	    40.0 	0.233 	0.846  	4.175
   250.0 	    40.0 	0.256 	0.854  	4.178
   300.0 	    40.0 	0.275 	0.836  	4.181
   350.0 	    40.0 	0.288 	0.831  	4.184
   400.0 	    40.0 	0.300 	0.783  	4.188
   500.0 	    40.0 	0.311 	0.752  	4.193
   800.0 	    40.0 	0.320 	0.605  	4.200
  1000.0 	    40.0 	0.321 	0.525  	4.208
  1500.0 	    40.0 	0.326 	0.387  	4.221
  2000.0 	    40.0 	0.320 	0.322  	4.238
  3500.0 	    40.0 	0.297 	0.199  	4.266
  5000.0 	    40.0 	0.292 	0.133  	4.305
  8000.0 	    40.0 	0.285 	0.089  	4.367
 10000.0 	    40.0 	0.281 	0.072  	4.442
 15000.0 	    40.0 	0.270 	0.053  	4.554
 20000.0 	    40.0 	0.265 	0.036  	4.702
 29975.0 	    40.0 	0.259 	0.031  	4.924
     1.0 	    50.0 	0.000 	0.025  	4.925
     5.0 	    50.0 	0.000 	0.064  	4.925
    10.0 	    50.0 	0.000 	0.097  	4.925
    20.0 	    50.0 	-0.000 	0.187  	4.926
    35.0 	    50.0 	-0.000 	0.334  	4.926
    50.0 	    50.0 	-0.000 	0.462  	4.927
    75.0 	    50.0 	0.063 	0.588  	4.928
   100.0 	    50.0 	0.136 	0.689  	4.929
   125.0 	    50.0 	0.180 	0.771  	4.931
   150.0 	    50.0 	0.212 	0.828  	4.932
   175.0 	    50.0 	0.236 	0.862  	4.934
   200.0 	    50.0 	0.255 	0.895  	4.936
   250.0 	    50.0 	0.278 	0.927  	4.939
   300.0 	    50.0 	0.290 	0.905  	4.942
   350.0 	    50.0 	0.317 	0.890  	4.945
   400.0 	    50.0 	0.323 	0.894  	4.949
   500.0 	    50.0 	0.350 	0.843  	4.954
   800.0 	    50.0 	0.363 	0.702  	4.961
  1000.0 	    50.0 	0.378 	0.601  	4.969
  1500.0 	    50.0 	0.388 	0.454  	4.981
  2000.0 	    50.0 	0.386 	0.377  	4.997
  3500.0 	    50.0 	0.366 	0.240  	5.025
  5000.0 	    50.0 	0.365 	0.171  	5.064
  8000.0 	    50.0 	0.340 	0.108  	5.123
 10000.0 	    50.0 	0.341 	0.087  	5.193
 15000.0 	    50.0 	0.332 	0.059  	5.296
 20000.0 	    50.0 	0.326 	0.046  	5.436
 29975.0 	    50.0 	0.332 	0.032  	5.644
     1.0 	    60.0 	0.000 	0.027  	5.644
     5.0 	    60.0 	0.000 	0.068  	5.645
    10.0 	    60.0 	0.000 	0.099  	5.645
    20.0 	    60.0 	0.000 	0.189  	5.645
    35.0 	    60.0 	0.000 	0.348  	5.646
    50.0 	    60.0 	0.000 	0.477  	5.647
    75.0 	    60.0 	0.067 	0.611  	5.648
   100.0 	    60.0 	0.137 	0.717  	5.649
   125.0 	    60.0 	0.189 	0.816  	5.651
   150.0 	    60.0 	0.218 	0.893  	5.652
   175.0 	    60.0 	0.250 	0.958  	5.654
   200.0 	    60.0 	0.282 	0.974  	5.656
   250.0 	    60.0 	0.305 	0.987  	5.658
   300.0 	    60.0 	0.341 	0.980  	5.661
   350.0 	    60.0 	0.355 	0.992  	5.665
   400.0 	    60.0 	0.366 	0.985  	5.668
   500.0 	    60.0 	0.398 	0.909  	5.673
   800.0 	    60.0 	0.444 	0.792  	5.679
  1000.0 	    60.0 	0.440 	0.727  	5.687
  1500.0 	    60.0 	0.454 	0.551  	5.699
  2000.0 	    60.0 	0.455 	0.458  	5.714
  3500.0 	    60.0 	0.448 	0.304  	5.739
  5000.0 	    60.0 	0.431 	0.218  	5.774
  8000.0 	    60.0 	0.422 	0.136  	5.828
 10000.0 	    60.0 	0.425 	0.117  	5.896
 15000.0 	    60.0 	0.424 	0.084  	5.998
 20000.0 	    60.0 	0.419 	0.070  	6.122
 29975.0 	    60.0 	0.409 	0.047  	6.311
     1.0 	    70.0 	0.000 	0.025  	6.311
     5.0 	    70.0 	0.000 	0.065  	6.311
    10.0 	    70.0 	-0.000 	0.108  	6.311
    20.0 	    70.0 	0.000 	0.204  	6.312
    35.0 	    70.0 	0.000 	0.342  	6.312
    50.0 	    70.0 	0.000 	0.491  	6.313
    75.0 	    70.0 	0.076 	0.648  	6.314
   100.0 	    70.0 	0.152 	0.751  	6.315
   125.0 	    70.0 	0.197 	0.865  	6.317
   150.0 	    70.0 	0.241 	0.930  	6.318
   175.0 	    70.0 	0.275 	0.986  	6.320
   200.0 	    70.0 	0.296 	1.016  	6.322
   250.0 	    70.0 	0.348 	1.051  	6.324
   300.0 	    70.0 	0.382 	1.075  	6.327
   350.0 	    70.0 	0.408 	1.087  	6.330
   400.0 	    70.0 	0.434 	1.063  	6.333
   500.0 	    70.0 	0.465 	1.029  	6.337
   800.0 	    70.0 	0.516 	0.928  	6.342
  1000.0 	    70.0 	0.526 	0.848  	6.349
  1500.0 	    70.0 	0.554 	0.687  	6.359
  2000.0 	    70.0 	0.573 	0.606  	6.372
  3500.0 	    70.0 	0.555 	0.397  	6.393
  5000.0 	    70.0 	0.541 	0.309  	6.424
  8000.0 	    70.0 	0.542 	0.203  	6.469
 10000.0 	    70.0 	0.542 	0.176  	6.526
 15000.0 	    70.0 	0.527 	0.122  	6.606
 20000.0 	    70.0 	0.524 	0.096  	6.717
 29975.0 	    70.0 	0.523 	0.066  	6.875
     1.0 	    80.0 	-0.000 	0.026  	6.876
     5.0 	    80.0 	0.000 	0.069  	6.876
    10.0 	    80.0 	0.000 	0.105  	6.876
    20.0 	    80.0 	0.000 	0.203  	6.877
    35.0 	    80.0 	-0.000 	0.360  	6.877
    50.0 	    80.0 	0.000 	0.501  	6.878
    75.0 	    80.0 	0.086 	0.668  	6.879
   100.0 	    80.0 	0.153 	0.782  	6.880
   125.0 	    80.0 	0.208 	0.895  	6.882
   150.0 	    80.0 	0.260 	0.963  	6.883
   175.0 	    80.0 	0.299 	1.028  	6.885
   200.0 	    80.0 	0.343 	1.072  	6.887
   250.0 	    80.0 	0.399 	1.104  	6.889
   300.0 	    80.0 	0.435 	1.119  	6.892
   350.0 	    80.0 	0.484 	1.117  	6.895
   400.0 	    80.0 	0.502 	1.135  	6.898
   500.0 	    80.0 	0.545 	1.099  	6.901
   800.0 	    80.0 	0.610 	1.029  	6.907
  1000.0 	    80.0 	0.648 	0.963  	6.913
  1500.0 	    80.0 	0.674 	0.825  	6.921
  2000.0 	    80.0 	0.685 	0.713  	6.932
  3500.0 	    80.0 	0.694 	0.561  	6.950
  5000.0 	    80.0 	0.698 	0.468  	6.973
  8000.0 	    80.0 	0.690 	0.347  	7.010
 10000.0 	    80.0 	0.695 	0.298  	7.052
 15000.0 	    80.0 	0.687 	0.223  	7.113
 20000.0 	    80.0 	0.675 	0.185  	7.198
 29975.0 	    80.0 	0.680 	0.129  	7.319
     1.0 	    82.0 	0.000 	0.025  	7.319
     5.0 	    82.0 	0.000 	0.067  	7.319
    10.0 	    82.0 	0.000 	0.108  	7.320
    20.0 	    82.0 	0.000 	0.202  	7.320
    35.0 	    82.0 	0.000 	0.362  	7.321
    50.0 	    82.0 	0.000 	0.506  	7.321
    75.0 	    82.0 	0.088 	0.654  	7.322
   100.0 	    82.0 	0.147 	0.817  	7.323
   125.0 	    82.0 	0.214 	0.913  	7.325
   150.0 	    82.0 	0.262 	0.973  	7.326
   175.0 	    82.0 	0.313 	1.027  	7.328
   200.0 	    82.0 	0.356 	1.057  	7.330
   250.0 	    82.0 	0.396 	1.118  	7.332
   300.0 	    82.0 	0.452 	1.152  	7.334
   350.0 	    82.0 	0.489 	1.129  	7.337
   400.0 	    82.0 	0.526 	1.120  	7.339
   500.0 	    82.0 	0.564 	1.095  	7.343
   800.0 	    82.0 	0.638 	1.043  	7.347
  1000.0 	    82.0 	0.672 	0.963  	7.353
  1500.0 	    82.0 	0.704 	0.865  	7.361
  2000.0 	    82.0 	0.718 	0.763  	7.371
  3500.0 	    82.0 	0.729 	0.624  	7.387
  5000.0 	    82.0 	0.723 	0.526  	7.409
  8000.0 	    82.0 	0.738 	0.394  	7.442
 10000.0 	    82.0 	0.724 	0.354  	7.483
 15000.0 	    82.0 	0.724 	0.272  	7.541
 20000.0 	    82.0 	0.723 	0.215  	7.615
 29975.0 	    82.0 	0.706 	0.151  	7.731
     1.0 	    85.0 	-0.000 	0.024  	7.731
     5.0 	    85.0 	-0.000 	0.066  	7.731
    10.0 	    85.0 	0.000 	0.110  	7.732
    20.0 	    85.0 	0.000 	0.199  	7.732
    35.0 	    85.0 	0.000 	0.362  	7.733
    50.0 	    85.0 	0.000 	0.500  	7.734
    75.0 	    85.0 	0.089 	0.641  	7.734
   100.0 	    85.0 	0.164 	0.792  	7.736
   125.0 	    85.0 	0.215 	0.899  	7.737
   150.0 	    85.0 	0.266 	0.988  	7.739
   175.0 	    85.0 	0.310 	1.038  	7.740
   200.0 	    85.0 	0.354 	1.063  	7.742
   250.0 	    85.0 	0.428 	1.125  	7.745
   300.0 	    85.0 	0.461 	1.148  	7.747
   350.0 	    85.0 	0.501 	1.127  	7.750
   400.0 	    85.0 	0.530 	1.118  	7.752
   500.0 	    85.0 	0.570 	1.131  	7.756
   800.0 	    85.0 	0.664 	1.039  	7.760
  1000.0 	    85.0 	0.695 	0.992  	7.766
  1500.0 	    85.0 	0.742 	0.883  	7.773
  2000.0 	    85.0 	0.748 	0.808  	7.782
  3500.0 	    85.0 	0.779 	0.664  	7.795
  5000.0 	    85.0 	0.786 	0.582  	7.812
  8000.0 	    85.0 	0.774 	0.482  	7.839
 10000.0 	    85.0 	0.785 	0.431  	7.872
 15000.0 	    85.0 	0.795 	0.376  	7.920
 20000.0 	    85.0 	0.784 	0.296  	7.983
 29975.0 	    85.0 	0.780 	0.225  	8.072
     1.0 	    86.0 	0.000 	0.025  	8.073
     5.0 	    86.0 	0.000 	0.067  	8.073
    10.0 	    86.0 	0.000 	0.101  	8.073
    20.0 	    86.0 	0.000 	0.197  	8.074
    35.0 	    86.0 	-0.000 	0.358  	8.074
    50.0 	    86.0 	0.000 	0.513  	8.075
    75.0 	    86.0 	0.084 	0.666  	8.076
   100.0 	    86.0 	0.160 	0.797  	8.077
   125.0 	    86.0 	0.223 	0.897  	8.078
   150.0 	    86.0 	0.267 	0.978  	8.079
   175.0 	    86.0 	0.318 	1.041  	8.081
   200.0 	    86.0 	0.351 	1.066  	8.083
   250.0 	    86.0 	0.422 	1.105  	8.085
   300.0 	    86.0 	0.459 	1.132  	8.087
   350.0 	    86.0 	0.507 	1.145  	8.089
   400.0 	    86.0 	0.534 	1.137  	8.092
   500.0 	    86.0 	0.586 	1.096  	8.095
   800.0 	    86.0 	0.666 	1.055  	8.099
  1000.0 	    86.0 	0.703 	0.946  	8.104
  1500.0 	    86.0 	0.753 	0.893  	8.111
  2000.0 	    86.0 	0.763 	0.817  	8.120
  3500.0 	    86.0 	0.789 	0.678  	8.133
  5000.0 	    86.0 	0.802 	0.612  	8.151
  8000.0 	    86.0 	0.812 	0.511  	8.178
 10000.0 	    86.0 	0.797 	0.460  	8.211
 15000.0 	    86.0 	0.813 	0.418  	8.258
 20000.0 	    86.0 	0.819 	0.362  	8.314
 29975.0 	    86.0 	0.811 	0.277  	8.397
     1.0 	    87.0 	0.000 	0.025  	8.397
     5.0 	    87.0 	0.000 	0.065  	8.397
    10.0 	    87.0 	-0.000 	0.110  	8.398
    20.0 	    87.0 	0.000 	0.195  	8.398
    35.0 	    87.0 	0.000 	0.357  	8.398
    50.0 	    87.0 	0.000 	0.499  	8.399
    75.0 	    87.0 	0.080 	0.667  	8.400
   100.0 	    87.0 	0.157 	0.795  	8.401
   125.0 	    87.0 	0.215 	0.898  	8.403
   150.0 	    87.0 	0.268 	0.984  	8.404
   175.0 	    87.0 	0.315 	1.035  	8.406
   200.0 	    87.0 	0.364 	1.066  	8.408
   250.0 	    87.0 	0.415 	1.123  	8.410
   300.0 	    87.0 	0.465 	1.125  	8.412
   350.0 	    87.0 	0.500 	1.146  	8.415
   400.0 	    87.0 	0.537 	1.118  	8.417
   500.0 	    87.0 	0.587 	1.121  	8.421
   800.0 	    87.0 	0.692 	1.031  	8.425
  1000.0 	    87.0 	0.704 	1.011  	8.430
  1500.0 	    87.0 	0.751 	0.898  	8.437
  2000.0 	    87.0 	0.782 	0.809  	8.446
  3500.0 	    87.0 	0.814 	0.691  	8.459
  5000.0 	    87.0 	0.814 	0.632  	8.477
  8000.0 	    87.0 	0.840 	0.545  	8.502
 10000.0 	    87.0 	0.832 	0.502  	8.532
 15000.0 	    87.0 	0.845 	0.448  	8.570
 20000.0 	    87.0 	0.848 	0.410  	8.622
 29975.0 	    87.0 	0.833 	0.317  	8.700
     1.0 	    88.0 	0.000 	0.027  	8.701
     5.0 	    88.0 	0.000 	0.064  	8.701
    10.0 	    88.0 	0.000 	0.102  	8.701
    20.0 	    88.0 	0.000 	0.195  	8.702
    35.0 	    88.0 	0.000 	0.355  	8.702
    50.0 	    88.0 	0.000 	0.511  	8.703
    75.0 	    88.0 	0.082 	0.664  	8.704
   100.0 	    88.0 	0.158 	0.806  	8.705
   125.0 	    88.0 	0.214 	0.903  	8.706
   150.0 	    88.0 	0.271 	0.991  	8.708
   175.0 	    88.0 	0.313 	1.046  	8.710
   200.0 	    88.0 	0.356 	1.068  	8.711
   250.0 	    88.0 	0.408 	1.128  	8.714
   300.0 	    88.0 	0.464 	1.138  	8.716
   350.0 	    88.0 	0.499 	1.161  	8.719
   400.0 	    88.0 	0.533 	1.148  	8.721
   500.0 	    88.0 	0.590 	1.119  	8.725
   800.0 	    88.0 	0.674 	1.044  	8.729
  1000.0 	    88.0 	0.711 	0.992  	8.734
  1500.0 	    88.0 	0.756 	0.886  	8.741
  2000.0 	    88.0 	0.783 	0.837  	8.750
  3500.0 	    88.0 	0.818 	0.720  	8.763
  5000.0 	    88.0 	0.821 	0.641  	8.780
  8000.0 	    88.0 	0.840 	0.567  	8.802
 10000.0 	    88.0 	0.851 	0.545  	8.829
 15000.0 	    88.0 	0.862 	0.490  	8.866
 20000.0 	    88.0 	0.858 	0.438  	8.916
 29975.0 	    88.0 	0.872 	0.379  	8.984
     1.0 	    89.0 	0.000 	0.027  	8.985
     5.0 	    89.0 	0.000 	0.065  	8.985
    10.0 	    89.0 	0.000 	0.102  	8.985
    20.0 	    89.0 	0.000 	0.202  	8.985
    35.0 	    89.0 	0.000 	0.349  	8.986
    50.0 	    89.0 	0.000 	0.506  	8.987
    75.0 	    89.0 	0.084 	0.651  	8.988
   100.0 	    89.0 	0.159 	0.816  	8.989
   125.0 	    89.0 	0.218 	0.903  	8.990
   150.0 	    89.0 	0.266 	0.992  	8.992
   175.0 	    89.0 	0.315 	1.048  	8.993
   200.0 	    89.0 	0.361 	1.081  	8.995
   250.0 	    89.0 	0.417 	1.123  	8.997
   300.0 	    89.0 	0.463 	1.163  	9.000
   350.0 	    89.0 	0.505 	1.149  	9.002
   400.0 	    89.0 	0.537 	1.143  	9.005
   500.0 	    89.0 	0.598 	1.101  	9.008
   800.0 	    89.0 	0.675 	1.062  	9.013
  1000.0 	    89.0 	0.716 	1.017  	9.018
  1500.0 	    89.0 	0.758 	0.900  	9.025
  2000.0 	    89.0 	0.791 	0.817  	9.032
  3500.0 	    89.0 	0.827 	0.701  	9.044
  5000.0 	    89.0 	0.844 	0.634  	9.059
  8000.0 	    89.0 	0.856 	0.564  	9.082
 10000.0 	    89.0 	0.873 	0.551  	9.107
 15000.0 	    89.0 	0.878 	0.540  	9.145
 20000.0 	    89.0 	0.896 	0.499  	9.189
 29975.0 	    89.0 	0.892 	0.425  	9.253
