Random number seed:  -8704197715963060969
# Trajectories at each energy & theta:  10000
Beam landing energies (eV):  [1.0, 5.0, 10.0, 20.0, 35.0, 50.0, 75.0, 100.0, 125.0, 150.0, 175.0, 200.0, 250.0, 300.0, 350.0, 400.0, 500.0, 800.0, 1000.0, 1500.0, 2000.0, 3500.0, 5000.0, 8000.0, 10000.0, 15000.0, 20000.0, 29975.0]
Sample angles (deg):  [0.0, 10.0, 20.0, 30.0, 40.0, 50.0, 60.0, 70.0, 80.0, 82.0, 85.0, 86.0, 87.0, 88.0, 89.0]
Beam size (standard deviation, in nm):  0.5

beamE (eV)	theta (deg)	BSE yield	SE yield	time (h)
     1.0 	     0.0 	0.387 	0.008  	0.002
     5.0 	     0.0 	0.127 	0.037  	0.005
    10.0 	     0.0 	0.061 	0.067  	0.009
    20.0 	     0.0 	0.023 	0.130  	0.015
    35.0 	     0.0 	0.010 	0.232  	0.025
    50.0 	     0.0 	0.005 	0.323  	0.038
    75.0 	     0.0 	0.049 	0.405  	0.057
   100.0 	     0.0 	0.127 	0.459  	0.079
   125.0 	     0.0 	0.165 	0.493  	0.107
   150.0 	     0.0 	0.184 	0.521  	0.138
   175.0 	     0.0 	0.199 	0.535  	0.175
   200.0 	     0.0 	0.209 	0.540  	0.216
   250.0 	     0.0 	0.224 	0.534  	0.265
   300.0 	     0.0 	0.234 	0.519  	0.323
   350.0 	     0.0 	0.242 	0.504  	0.390
   400.0 	     0.0 	0.248 	0.483  	0.465
   500.0 	     0.0 	0.251 	0.443  	0.556
   800.0 	     0.0 	0.255 	0.343  	0.697
  1000.0 	     0.0 	0.251 	0.294  	0.873
  1500.0 	     0.0 	0.244 	0.206  	0.887
  2000.0 	     0.0 	0.235 	0.165  	0.904
  3500.0 	     0.0 	0.216 	0.102  	0.932
  5000.0 	     0.0 	0.200 	0.072  	0.973
  8000.0 	     0.0 	0.193 	0.050  	1.036
 10000.0 	     0.0 	0.182 	0.040  	1.116
 15000.0 	     0.0 	0.181 	0.029  	1.239
 20000.0 	     0.0 	0.177 	0.024  	1.412
 29975.0 	     0.0 	0.166 	0.013  	1.668
     1.0 	    10.0 	0.390 	0.006  	1.668
     5.0 	    10.0 	0.132 	0.039  	1.668
    10.0 	    10.0 	0.061 	0.065  	1.668
    20.0 	    10.0 	0.025 	0.126  	1.669
    35.0 	    10.0 	0.009 	0.235  	1.670
    50.0 	    10.0 	0.006 	0.324  	1.670
    75.0 	    10.0 	0.052 	0.404  	1.672
   100.0 	    10.0 	0.130 	0.452  	1.673
   125.0 	    10.0 	0.161 	0.507  	1.675
   150.0 	    10.0 	0.189 	0.519  	1.677
   175.0 	    10.0 	0.201 	0.541  	1.679
   200.0 	    10.0 	0.213 	0.533  	1.681
   250.0 	    10.0 	0.228 	0.550  	1.684
   300.0 	    10.0 	0.238 	0.541  	1.687
   350.0 	    10.0 	0.246 	0.501  	1.691
   400.0 	    10.0 	0.252 	0.488  	1.696
   500.0 	    10.0 	0.258 	0.447  	1.701
   800.0 	    10.0 	0.256 	0.339  	1.709
  1000.0 	    10.0 	0.260 	0.304  	1.719
  1500.0 	    10.0 	0.254 	0.227  	1.734
  2000.0 	    10.0 	0.236 	0.170  	1.752
  3500.0 	    10.0 	0.204 	0.104  	1.784
  5000.0 	    10.0 	0.209 	0.078  	1.828
  8000.0 	    10.0 	0.198 	0.048  	1.899
 10000.0 	    10.0 	0.189 	0.035  	1.986
 15000.0 	    10.0 	0.177 	0.024  	2.102
 20000.0 	    10.0 	0.177 	0.019  	2.256
 29975.0 	    10.0 	0.181 	0.015  	2.479
     1.0 	    20.0 	0.396 	0.006  	2.480
     5.0 	    20.0 	0.142 	0.035  	2.480
    10.0 	    20.0 	0.067 	0.067  	2.480
    20.0 	    20.0 	0.027 	0.131  	2.481
    35.0 	    20.0 	0.013 	0.244  	2.481
    50.0 	    20.0 	0.007 	0.338  	2.482
    75.0 	    20.0 	0.056 	0.420  	2.483
   100.0 	    20.0 	0.126 	0.475  	2.484
   125.0 	    20.0 	0.158 	0.524  	2.486
   150.0 	    20.0 	0.190 	0.541  	2.487
   175.0 	    20.0 	0.204 	0.555  	2.489
   200.0 	    20.0 	0.212 	0.558  	2.491
   250.0 	    20.0 	0.231 	0.561  	2.494
   300.0 	    20.0 	0.245 	0.549  	2.497
   350.0 	    20.0 	0.245 	0.526  	2.500
   400.0 	    20.0 	0.257 	0.513  	2.504
   500.0 	    20.0 	0.266 	0.470  	2.509
   800.0 	    20.0 	0.265 	0.362  	2.516
  1000.0 	    20.0 	0.260 	0.309  	2.525
  1500.0 	    20.0 	0.257 	0.226  	2.537
  2000.0 	    20.0 	0.259 	0.186  	2.554
  3500.0 	    20.0 	0.236 	0.106  	2.582
  5000.0 	    20.0 	0.223 	0.078  	2.623
  8000.0 	    20.0 	0.202 	0.049  	2.690
 10000.0 	    20.0 	0.196 	0.041  	2.770
 15000.0 	    20.0 	0.199 	0.027  	2.891
 20000.0 	    20.0 	0.190 	0.020  	3.044
 29975.0 	    20.0 	0.198 	0.015  	3.273
     1.0 	    30.0 	0.434 	0.006  	3.273
     5.0 	    30.0 	0.164 	0.036  	3.273
    10.0 	    30.0 	0.083 	0.066  	3.274
    20.0 	    30.0 	0.037 	0.129  	3.274
    35.0 	    30.0 	0.014 	0.236  	3.275
    50.0 	    30.0 	0.010 	0.328  	3.275
    75.0 	    30.0 	0.056 	0.425  	3.276
   100.0 	    30.0 	0.130 	0.481  	3.278
   125.0 	    30.0 	0.174 	0.523  	3.279
   150.0 	    30.0 	0.190 	0.552  	3.281
   175.0 	    30.0 	0.203 	0.585  	3.283
   200.0 	    30.0 	0.231 	0.584  	3.285
   250.0 	    30.0 	0.235 	0.595  	3.287
   300.0 	    30.0 	0.254 	0.572  	3.290
   350.0 	    30.0 	0.263 	0.554  	3.294
   400.0 	    30.0 	0.268 	0.539  	3.298
   500.0 	    30.0 	0.278 	0.493  	3.303
   800.0 	    30.0 	0.293 	0.410  	3.310
  1000.0 	    30.0 	0.287 	0.342  	3.319
  1500.0 	    30.0 	0.281 	0.244  	3.332
  2000.0 	    30.0 	0.284 	0.196  	3.349
  3500.0 	    30.0 	0.253 	0.118  	3.379
  5000.0 	    30.0 	0.246 	0.081  	3.421
  8000.0 	    30.0 	0.248 	0.053  	3.486
 10000.0 	    30.0 	0.236 	0.047  	3.567
 15000.0 	    30.0 	0.223 	0.030  	3.691
 20000.0 	    30.0 	0.228 	0.025  	3.849
 29975.0 	    30.0 	0.211 	0.015  	4.073
     1.0 	    40.0 	0.480 	0.007  	4.073
     5.0 	    40.0 	0.207 	0.035  	4.073
    10.0 	    40.0 	0.112 	0.066  	4.073
    20.0 	    40.0 	0.046 	0.127  	4.074
    35.0 	    40.0 	0.022 	0.244  	4.074
    50.0 	    40.0 	0.014 	0.344  	4.075
    75.0 	    40.0 	0.061 	0.436  	4.076
   100.0 	    40.0 	0.135 	0.504  	4.077
   125.0 	    40.0 	0.169 	0.554  	4.079
   150.0 	    40.0 	0.192 	0.594  	4.080
   175.0 	    40.0 	0.222 	0.609  	4.082
   200.0 	    40.0 	0.228 	0.624  	4.084
   250.0 	    40.0 	0.252 	0.639  	4.087
   300.0 	    40.0 	0.281 	0.626  	4.090
   350.0 	    40.0 	0.275 	0.617  	4.093
   400.0 	    40.0 	0.291 	0.597  	4.097
   500.0 	    40.0 	0.303 	0.528  	4.102
   800.0 	    40.0 	0.312 	0.446  	4.109
  1000.0 	    40.0 	0.318 	0.369  	4.117
  1500.0 	    40.0 	0.321 	0.274  	4.130
  2000.0 	    40.0 	0.321 	0.218  	4.145
  3500.0 	    40.0 	0.299 	0.139  	4.173
  5000.0 	    40.0 	0.294 	0.101  	4.211
  8000.0 	    40.0 	0.286 	0.063  	4.270
 10000.0 	    40.0 	0.287 	0.057  	4.345
 15000.0 	    40.0 	0.270 	0.040  	4.455
 20000.0 	    40.0 	0.269 	0.028  	4.600
 29975.0 	    40.0 	0.263 	0.018  	4.814
     1.0 	    50.0 	0.538 	0.005  	4.815
     5.0 	    50.0 	0.252 	0.033  	4.815
    10.0 	    50.0 	0.149 	0.067  	4.815
    20.0 	    50.0 	0.074 	0.130  	4.815
    35.0 	    50.0 	0.038 	0.236  	4.816
    50.0 	    50.0 	0.023 	0.347  	4.817
    75.0 	    50.0 	0.075 	0.454  	4.818
   100.0 	    50.0 	0.127 	0.538  	4.819
   125.0 	    50.0 	0.178 	0.594  	4.820
   150.0 	    50.0 	0.200 	0.620  	4.822
   175.0 	    50.0 	0.225 	0.660  	4.824
   200.0 	    50.0 	0.237 	0.674  	4.826
   250.0 	    50.0 	0.278 	0.676  	4.828
   300.0 	    50.0 	0.298 	0.681  	4.831
   350.0 	    50.0 	0.311 	0.657  	4.835
   400.0 	    50.0 	0.323 	0.637  	4.838
   500.0 	    50.0 	0.338 	0.596  	4.843
   800.0 	    50.0 	0.358 	0.495  	4.849
  1000.0 	    50.0 	0.377 	0.442  	4.858
  1500.0 	    50.0 	0.377 	0.335  	4.869
  2000.0 	    50.0 	0.375 	0.254  	4.885
  3500.0 	    50.0 	0.358 	0.167  	4.911
  5000.0 	    50.0 	0.354 	0.120  	4.947
  8000.0 	    50.0 	0.340 	0.077  	5.004
 10000.0 	    50.0 	0.341 	0.067  	5.075
 15000.0 	    50.0 	0.330 	0.049  	5.178
 20000.0 	    50.0 	0.334 	0.034  	5.314
 29975.0 	    50.0 	0.322 	0.027  	5.519
     1.0 	    60.0 	0.625 	0.004  	5.519
     5.0 	    60.0 	0.346 	0.029  	5.519
    10.0 	    60.0 	0.226 	0.057  	5.519
    20.0 	    60.0 	0.124 	0.123  	5.519
    35.0 	    60.0 	0.069 	0.239  	5.520
    50.0 	    60.0 	0.047 	0.355  	5.521
    75.0 	    60.0 	0.095 	0.453  	5.522
   100.0 	    60.0 	0.146 	0.555  	5.523
   125.0 	    60.0 	0.193 	0.618  	5.525
   150.0 	    60.0 	0.218 	0.679  	5.526
   175.0 	    60.0 	0.247 	0.700  	5.528
   200.0 	    60.0 	0.266 	0.737  	5.530
   250.0 	    60.0 	0.298 	0.745  	5.533
   300.0 	    60.0 	0.335 	0.741  	5.536
   350.0 	    60.0 	0.351 	0.735  	5.539
   400.0 	    60.0 	0.366 	0.730  	5.543
   500.0 	    60.0 	0.396 	0.674  	5.547
   800.0 	    60.0 	0.420 	0.588  	5.554
  1000.0 	    60.0 	0.441 	0.514  	5.563
  1500.0 	    60.0 	0.446 	0.399  	5.575
  2000.0 	    60.0 	0.454 	0.330  	5.591
  3500.0 	    60.0 	0.443 	0.227  	5.630
  5000.0 	    60.0 	0.433 	0.147  	5.665
  8000.0 	    60.0 	0.424 	0.094  	5.716
 10000.0 	    60.0 	0.424 	0.087  	5.779
 15000.0 	    60.0 	0.411 	0.060  	5.874
 20000.0 	    60.0 	0.419 	0.046  	5.999
 29975.0 	    60.0 	0.420 	0.030  	6.180
     1.0 	    70.0 	0.727 	0.003  	6.180
     5.0 	    70.0 	0.494 	0.025  	6.180
    10.0 	    70.0 	0.357 	0.051  	6.180
    20.0 	    70.0 	0.248 	0.114  	6.181
    35.0 	    70.0 	0.155 	0.231  	6.181
    50.0 	    70.0 	0.110 	0.347  	6.182
    75.0 	    70.0 	0.138 	0.456  	6.183
   100.0 	    70.0 	0.187 	0.553  	6.184
   125.0 	    70.0 	0.224 	0.646  	6.185
   150.0 	    70.0 	0.260 	0.707  	6.187
   175.0 	    70.0 	0.283 	0.741  	6.189
   200.0 	    70.0 	0.309 	0.774  	6.191
   250.0 	    70.0 	0.350 	0.783  	6.193
   300.0 	    70.0 	0.390 	0.795  	6.196
   350.0 	    70.0 	0.412 	0.809  	6.199
   400.0 	    70.0 	0.427 	0.786  	6.202
   500.0 	    70.0 	0.444 	0.763  	6.206
   800.0 	    70.0 	0.509 	0.681  	6.212
  1000.0 	    70.0 	0.529 	0.609  	6.219
  1500.0 	    70.0 	0.553 	0.516  	6.229
  2000.0 	    70.0 	0.564 	0.421  	6.242
  3500.0 	    70.0 	0.555 	0.283  	6.263
  5000.0 	    70.0 	0.546 	0.220  	6.292
  8000.0 	    70.0 	0.531 	0.142  	6.338
 10000.0 	    70.0 	0.540 	0.126  	6.394
 15000.0 	    70.0 	0.527 	0.086  	6.479
 20000.0 	    70.0 	0.525 	0.071  	6.589
 29975.0 	    70.0 	0.521 	0.045  	6.752
     1.0 	    80.0 	0.846 	0.003  	6.752
     5.0 	    80.0 	0.694 	0.013  	6.752
    10.0 	    80.0 	0.592 	0.032  	6.752
    20.0 	    80.0 	0.470 	0.082  	6.752
    35.0 	    80.0 	0.372 	0.173  	6.753
    50.0 	    80.0 	0.310 	0.279  	6.753
    75.0 	    80.0 	0.295 	0.382  	6.754
   100.0 	    80.0 	0.319 	0.496  	6.755
   125.0 	    80.0 	0.331 	0.586  	6.756
   150.0 	    80.0 	0.351 	0.652  	6.758
   175.0 	    80.0 	0.376 	0.715  	6.759
   200.0 	    80.0 	0.394 	0.759  	6.761
   250.0 	    80.0 	0.437 	0.794  	6.763
   300.0 	    80.0 	0.480 	0.797  	6.766
   350.0 	    80.0 	0.511 	0.806  	6.768
   400.0 	    80.0 	0.516 	0.809  	6.772
   500.0 	    80.0 	0.543 	0.815  	6.775
   800.0 	    80.0 	0.620 	0.771  	6.781
  1000.0 	    80.0 	0.642 	0.718  	6.786
  1500.0 	    80.0 	0.675 	0.621  	6.794
  2000.0 	    80.0 	0.684 	0.543  	6.805
  3500.0 	    80.0 	0.700 	0.418  	6.822
  5000.0 	    80.0 	0.704 	0.347  	6.845
  8000.0 	    80.0 	0.697 	0.248  	6.882
 10000.0 	    80.0 	0.686 	0.214  	6.929
 15000.0 	    80.0 	0.675 	0.159  	6.996
 20000.0 	    80.0 	0.681 	0.137  	7.080
 29975.0 	    80.0 	0.686 	0.083  	7.210
     1.0 	    82.0 	0.873 	0.001  	7.210
     5.0 	    82.0 	0.733 	0.013  	7.210
    10.0 	    82.0 	0.656 	0.024  	7.210
    20.0 	    82.0 	0.554 	0.066  	7.211
    35.0 	    82.0 	0.451 	0.146  	7.211
    50.0 	    82.0 	0.387 	0.251  	7.212
    75.0 	    82.0 	0.378 	0.352  	7.213
   100.0 	    82.0 	0.379 	0.450  	7.214
   125.0 	    82.0 	0.391 	0.542  	7.215
   150.0 	    82.0 	0.404 	0.609  	7.217
   175.0 	    82.0 	0.424 	0.656  	7.218
   200.0 	    82.0 	0.440 	0.694  	7.220
   250.0 	    82.0 	0.490 	0.741  	7.223
   300.0 	    82.0 	0.489 	0.783  	7.226
   350.0 	    82.0 	0.522 	0.798  	7.229
   400.0 	    82.0 	0.543 	0.788  	7.232
   500.0 	    82.0 	0.582 	0.782  	7.236
   800.0 	    82.0 	0.647 	0.723  	7.242
  1000.0 	    82.0 	0.672 	0.685  	7.249
  1500.0 	    82.0 	0.701 	0.653  	7.259
  2000.0 	    82.0 	0.719 	0.571  	7.271
  3500.0 	    82.0 	0.724 	0.448  	7.291
  5000.0 	    82.0 	0.730 	0.369  	7.317
  8000.0 	    82.0 	0.726 	0.302  	7.357
 10000.0 	    82.0 	0.729 	0.248  	7.407
 15000.0 	    82.0 	0.724 	0.199  	7.478
 20000.0 	    82.0 	0.725 	0.160  	7.570
 29975.0 	    82.0 	0.714 	0.118  	7.707
     1.0 	    85.0 	0.921 	0.001  	7.707
     5.0 	    85.0 	0.834 	0.007  	7.707
    10.0 	    85.0 	0.770 	0.018  	7.707
    20.0 	    85.0 	0.686 	0.048  	7.708
    35.0 	    85.0 	0.612 	0.108  	7.708
    50.0 	    85.0 	0.563 	0.177  	7.708
    75.0 	    85.0 	0.524 	0.263  	7.709
   100.0 	    85.0 	0.512 	0.359  	7.710
   125.0 	    85.0 	0.524 	0.414  	7.711
   150.0 	    85.0 	0.525 	0.490  	7.712
   175.0 	    85.0 	0.533 	0.537  	7.714
   200.0 	    85.0 	0.555 	0.560  	7.715
   250.0 	    85.0 	0.560 	0.629  	7.717
   300.0 	    85.0 	0.583 	0.662  	7.720
   350.0 	    85.0 	0.602 	0.691  	7.722
   400.0 	    85.0 	0.616 	0.689  	7.725
   500.0 	    85.0 	0.648 	0.725  	7.729
   800.0 	    85.0 	0.691 	0.686  	7.734
  1000.0 	    85.0 	0.720 	0.695  	7.739
  1500.0 	    85.0 	0.743 	0.630  	7.748
  2000.0 	    85.0 	0.768 	0.562  	7.758
  3500.0 	    85.0 	0.779 	0.485  	7.775
  5000.0 	    85.0 	0.777 	0.426  	7.797
  8000.0 	    85.0 	0.803 	0.362  	7.830
 10000.0 	    85.0 	0.784 	0.308  	7.870
 15000.0 	    85.0 	0.789 	0.265  	7.928
 20000.0 	    85.0 	0.777 	0.227  	8.004
 29975.0 	    85.0 	0.787 	0.167  	8.112
     1.0 	    86.0 	0.934 	0.001  	8.112
     5.0 	    86.0 	0.860 	0.006  	8.112
    10.0 	    86.0 	0.814 	0.016  	8.113
    20.0 	    86.0 	0.737 	0.042  	8.113
    35.0 	    86.0 	0.669 	0.091  	8.113
    50.0 	    86.0 	0.628 	0.149  	8.113
    75.0 	    86.0 	0.596 	0.217  	8.114
   100.0 	    86.0 	0.581 	0.305  	8.115
   125.0 	    86.0 	0.587 	0.370  	8.116
   150.0 	    86.0 	0.585 	0.425  	8.117
   175.0 	    86.0 	0.597 	0.467  	8.118
   200.0 	    86.0 	0.596 	0.515  	8.119
   250.0 	    86.0 	0.613 	0.576  	8.121
   300.0 	    86.0 	0.628 	0.587  	8.123
   350.0 	    86.0 	0.643 	0.620  	8.125
   400.0 	    86.0 	0.651 	0.628  	8.128
   500.0 	    86.0 	0.667 	0.675  	8.131
   800.0 	    86.0 	0.717 	0.649  	8.136
  1000.0 	    86.0 	0.730 	0.643  	8.141
  1500.0 	    86.0 	0.754 	0.600  	8.149
  2000.0 	    86.0 	0.786 	0.574  	8.159
  3500.0 	    86.0 	0.792 	0.490  	8.175
  5000.0 	    86.0 	0.798 	0.447  	8.196
  8000.0 	    86.0 	0.807 	0.369  	8.228
 10000.0 	    86.0 	0.819 	0.339  	8.266
 15000.0 	    86.0 	0.812 	0.287  	8.320
 20000.0 	    86.0 	0.815 	0.266  	8.391
 29975.0 	    86.0 	0.807 	0.194  	8.494
     1.0 	    87.0 	0.952 	0.000  	8.494
     5.0 	    87.0 	0.895 	0.005  	8.494
    10.0 	    87.0 	0.855 	0.012  	8.494
    20.0 	    87.0 	0.797 	0.031  	8.495
    35.0 	    87.0 	0.744 	0.072  	8.495
    50.0 	    87.0 	0.686 	0.127  	8.495
    75.0 	    87.0 	0.680 	0.182  	8.496
   100.0 	    87.0 	0.664 	0.253  	8.496
   125.0 	    87.0 	0.666 	0.303  	8.497
   150.0 	    87.0 	0.659 	0.346  	8.498
   175.0 	    87.0 	0.657 	0.410  	8.499
   200.0 	    87.0 	0.665 	0.432  	8.500
   250.0 	    87.0 	0.685 	0.467  	8.502
   300.0 	    87.0 	0.694 	0.495  	8.503
   350.0 	    87.0 	0.693 	0.533  	8.505
   400.0 	    87.0 	0.701 	0.564  	8.507
   500.0 	    87.0 	0.713 	0.576  	8.510
   800.0 	    87.0 	0.739 	0.594  	8.514
  1000.0 	    87.0 	0.767 	0.583  	8.519
  1500.0 	    87.0 	0.790 	0.556  	8.526
  2000.0 	    87.0 	0.804 	0.530  	8.536
  3500.0 	    87.0 	0.813 	0.492  	8.551
  5000.0 	    87.0 	0.826 	0.443  	8.571
  8000.0 	    87.0 	0.819 	0.403  	8.601
 10000.0 	    87.0 	0.828 	0.383  	8.639
 15000.0 	    87.0 	0.835 	0.333  	8.689
 20000.0 	    87.0 	0.846 	0.299  	8.749
 29975.0 	    87.0 	0.836 	0.228  	8.839
     1.0 	    88.0 	0.968 	0.000  	8.839
     5.0 	    88.0 	0.926 	0.004  	8.839
    10.0 	    88.0 	0.893 	0.007  	8.839
    20.0 	    88.0 	0.857 	0.019  	8.839
    35.0 	    88.0 	0.821 	0.051  	8.840
    50.0 	    88.0 	0.790 	0.083  	8.840
    75.0 	    88.0 	0.772 	0.127  	8.840
   100.0 	    88.0 	0.758 	0.180  	8.841
   125.0 	    88.0 	0.758 	0.217  	8.841
   150.0 	    88.0 	0.747 	0.256  	8.842
   175.0 	    88.0 	0.750 	0.297  	8.843
   200.0 	    88.0 	0.755 	0.316  	8.843
   250.0 	    88.0 	0.760 	0.363  	8.845
   300.0 	    88.0 	0.765 	0.399  	8.846
   350.0 	    88.0 	0.764 	0.407  	8.847
   400.0 	    88.0 	0.765 	0.443  	8.849
   500.0 	    88.0 	0.774 	0.454  	8.851
   800.0 	    88.0 	0.804 	0.482  	8.854
  1000.0 	    88.0 	0.807 	0.472  	8.858
  1500.0 	    88.0 	0.829 	0.472  	8.864
  2000.0 	    88.0 	0.831 	0.477  	8.871
  3500.0 	    88.0 	0.839 	0.440  	8.884
  5000.0 	    88.0 	0.850 	0.422  	8.900
  8000.0 	    88.0 	0.840 	0.399  	8.926
 10000.0 	    88.0 	0.858 	0.383  	8.957
 15000.0 	    88.0 	0.864 	0.360  	8.999
 20000.0 	    88.0 	0.864 	0.323  	9.054
 29975.0 	    88.0 	0.866 	0.289  	9.133
     1.0 	    89.0 	0.983 	0.000  	9.133
     5.0 	    89.0 	0.966 	0.002  	9.133
    10.0 	    89.0 	0.950 	0.004  	9.133
    20.0 	    89.0 	0.929 	0.011  	9.133
    35.0 	    89.0 	0.909 	0.027  	9.133
    50.0 	    89.0 	0.885 	0.051  	9.133
    75.0 	    89.0 	0.878 	0.071  	9.134
   100.0 	    89.0 	0.872 	0.090  	9.134
   125.0 	    89.0 	0.863 	0.120  	9.134
   150.0 	    89.0 	0.864 	0.141  	9.135
   175.0 	    89.0 	0.860 	0.167  	9.135
   200.0 	    89.0 	0.862 	0.175  	9.136
   250.0 	    89.0 	0.860 	0.210  	9.136
   300.0 	    89.0 	0.863 	0.217  	9.137
   350.0 	    89.0 	0.860 	0.237  	9.138
   400.0 	    89.0 	0.870 	0.249  	9.139
   500.0 	    89.0 	0.870 	0.271  	9.140
   800.0 	    89.0 	0.882 	0.310  	9.142
  1000.0 	    89.0 	0.873 	0.313  	9.144
  1500.0 	    89.0 	0.892 	0.310  	9.148
  2000.0 	    89.0 	0.888 	0.321  	9.153
  3500.0 	    89.0 	0.885 	0.332  	9.162
  5000.0 	    89.0 	0.884 	0.334  	9.175
  8000.0 	    89.0 	0.892 	0.336  	9.195
 10000.0 	    89.0 	0.893 	0.329  	9.219
 15000.0 	    89.0 	0.896 	0.334  	9.255
 20000.0 	    89.0 	0.895 	0.323  	9.302
 29975.0 	    89.0 	0.919 	0.301  	9.366
